density:
[1.0228884150675195, 1.1095522388059702, 1.1282999289267948, 1.0508031272210379, 1.0540995024875623, 1.1110177683013502, 1.1797341862117987, 0.98930916844349703, 1.1618265813788207, 1.1038805970149257]
[1.0718265813788199, 1.0290717839374557, 1.062595593461265, 1.0300767590618334, 1.0268031272210376, 1.0254442075337598, 0.86030419331911878, 0.98826012793176932, 1.1112253020611227, 1.0903653162757641]
[1.0808571428571425, 1.0275252309879173, 0.95557782515991441, 1.0727818052594171, 1.0556019900497511, 1.0729978678038379, 1.0365429992892681, 1.0935863539445632, 1.0556716417910446, 1.1684307036247332]
[1.1118038379530917, 1.1064662402274343, 1.0714740582800284, 0.96839800995024905, 1.0977455579246622, 1.0761179815209665, 1.1162828713574982, 1.0796972281449895, 1.0147746979388772, 1.0257299218194738]
[1.1111002132196159, 1.0851911869225297, 1.0964108031272208, 0.96163610518834375, 1.0969765458422167, 1.0034840085287846, 1.0322316986496094, 1.1333958777540867, 1.0422643923240933, 1.0616886993603407]
[1.2141876332622605, 1.2521535181236674, 1.3059033404406544, 1.0695678749111588, 1.3486254442075341, 1.3033233830845772, 1.2565614783226726, 1.451164179104478, 1.1499232409381661, 1.7017057569296374]
[1.3061933191186921, 1.9385273631840796, 1.2611371712864246, 1.2941350390902635, 1.5295536602700783, 1.3372096659559347, 1.2436162046908315, 1.3289680170575691, 1.2500625444207536, 1.2537029140014213]
[1.1720298507462688, 1.228483297796731, 1.1750660980810237, 1.279758351101635, 1.1730206112295662, 1.2310248756218909, 1.3072892679459847, 1.2498407960199005, 1.2065799573560774, 1.2458265813788201]
[1.3226538734896944, 1.3501961620469076, 1.3277427149964462, 1.4089324804548682, 1.4587292110874199, 1.2003269367448473, 1.3398180525941721, 1.2428287135749818, 1.3991812366737741, 1.3474143567874917]
[1.3629182658137882, 1.4727576403695812, 1.4692722103766878, 1.4189296375266522, 1.3789040511727084, 1.5012437810945274, 1.5024221748400846, 1.6019673063255155, 1.3918592750533052, 1.3758820184790337]
[1.5200227434257285, 1.5492295664534472, 1.3997583511016343, 1.4784904051172709, 1.5759317697228141, 1.4290788912579957, 1.3075366027007813, 1.4511627576403696, 1.4396958066808816, 1.3354271499644637]