num_per_topic:
[105, 113, 89, 98, 88, 119, 141, 102, 161, 149]
[144, 111, 102, 104, 140, 96, 69, 75, 139, 160]
[126, 78, 85, 118, 128, 112, 137, 141, 144, 138]
[105, 145, 123, 109, 167, 114, 151, 143, 80, 106]
[168, 137, 116, 135, 117, 91, 105, 162, 141, 79]
[136, 87, 170, 90, 141, 154, 118, 123, 135, 158]
[135, 164, 115, 149, 140, 136, 118, 115, 139, 158]
[136, 174, 111, 160, 98, 129, 196, 125, 121, 133]
[145, 115, 110, 181, 214, 105, 165, 131, 171, 116]
[116, 149, 181, 153, 119, 149, 170, 192, 142, 101]
[175, 159, 185, 119, 131, 147, 144, 164, 123, 103]