three years in windows
for start is the topic0-9
every line is a time window

DocNumPerTopic
[24, 6, 5, 17, 20, 13, 10, 7, 5, 23]
[80, 51, 24, 34, 42, 68, 79, 65, 34, 40]
[79, 107, 44, 50, 43, 81, 78, 65, 52, 34]
[78, 31, 91, 62, 127, 148, 63, 36, 78, 57]
[132, 198, 88, 121, 179, 180, 127, 139, 122, 210]
[255, 193, 105, 133, 256, 218, 147, 154, 198, 133]
[192, 174, 158, 173, 150, 141, 219, 175, 137, 170]
[163, 284, 82, 157, 225, 325, 199, 142, 284, 299]
[109, 156, 211, 265, 289, 207, 361, 180, 178, 254]
[76, 105, 93, 52, 43, 96, 123, 45, 151, 51]

Density
[0.505390963	0.411272321	0.437368101	0.510545184	0.505827246	0.498971861	0.432359307	0.499753111	0.46702178	0.540401786]
[1.6712865259740257, 1.651528003246753, 1.5558705357142864, 1.5927293019480522, 1.6356838474025981, 1.6672564935064937, 1.6981067370129872, 1.6413250811688314, 1.6191761363636357, 1.622855113636364]
[1.892321428571428, 1.880373376623377, 1.8735978084415585, 1.8398072240259742, 1.8325243506493509, 1.9428409090909093, 1.8442228084415577, 1.8115259740259748, 1.838614042207793, 1.7873336038961045]
[2.1872646103896103, 2.0861952110389619, 2.2295008116883137, 2.1416883116883114, 2.1707061688311691, 2.2177130681818196, 2.1811566558441569, 2.0572098214285721, 2.2027962662337668, 2.1981107954545456]
[4.5917816558441569, 4.5945556006493531, 4.7019825487012987, 4.6000223214285736, 4.7393344155844144, 4.6667167207792195, 4.4920880681818174, 4.5418486201298691, 4.4995616883116902, 4.7388555194805209]
[5.5341112012987006, 5.3545068993506497, 5.4089874188311668, 5.4970535714285731, 5.445588474025973, 5.4997605519480519, 5.436785714285711, 5.4395028409090882, 5.5414123376623374, 5.1316213474025982]
[4.810655438311688, 5.1288961038961034, 5.0258380681818169, 5.0245515422077913, 5.0757081980519505, 4.9748823051948046, 5.1882548701298701, 5.1366659902597407, 5.0038474025974047, 5.0689224837662312]
[5.8145758928571407, 5.9663920454545458, 5.5674594155844135, 5.780998376623371, 5.3587073863636361, 5.6251359577922075, 5.9323579545454574, 5.3278672889610377, 5.5229646915584416, 5.8661404220779252]
[4.5626237824675329, 5.9435633116883126, 6.4157102272727249, 5.7926176948051946, 5.9248254870129857, 6.3800060876623341, 6.3701034902597407, 6.0724188311688332, 5.69140625, 6.5945332792207845]
[2.8939610389610384, 2.8706209415584412, 2.9172341720779205, 2.8703307629870136, 2.7576501623376632, 2.9595353084415574, 2.8679200487012979, 2.795821834415583, 2.8814610389610387, 2.784446022727272]

top n document
[[(128, 0.95208409732927202), (7, 0.93599817949282127), (107, 0.93214418394415455), (85, 0.93090576094882005), (126, 0.93008232310606898)], [(9, 0.9424294762732971), (102, 0.92901471118238754), (28, 0.92665978130274085), (6, 0.84935501696862337), (56, 0.83802063315227826)], [(50, 0.95083053103071447), (106, 0.94324694530533548), (94, 0.92769368014822073), (19, 0.91858793848718767), (116, 0.27791960146650946)], [(86, 0.96661671821906581), (91, 0.95648860569678007), (67, 0.95206684567868527), (14, 0.94521974935961772), (97, 0.94335230147474824)], [(118, 0.95520157310058817), (25, 0.95160991723195809), (58, 0.95023350825083419), (53, 0.94877515018545466), (78, 0.94439116199926953)], [(114, 0.95357388988200309), (31, 0.94123297551840357), (66, 0.93625576690334178), (27, 0.93092543263605287), (8, 0.92943098377928213)], [(39, 0.94958546746889205), (46, 0.93545661448682271), (71, 0.90908417970908739), (20, 0.86108941805830053), (41, 0.85440334754483671)], [(72, 0.957898978100722), (42, 0.93868241809302666), (11, 0.93622924179984546), (69, 0.92158025183491099), (98, 0.91780024615958156)], [(90, 0.9488976477396891), (81, 0.9392214826323122), (40, 0.91991803644998404), (123, 0.83924458411165037), (68, 0.29808119843489872)], [(104, 0.96102385940572832), (21, 0.95945609983004421), (52, 0.95482165167006916), (45, 0.94889090227502815), (70, 0.94426929629634271)]]
[[(223, 0.95589636385133647), (196, 0.95429669724347055), (175, 0.95026355409478958), (13, 0.94934608221926575), (264, 0.94556988988223722)], [(347, 0.94769259822750196), (245, 0.94373512150757566), (62, 0.93667934061250091), (325, 0.93391348352347947), (229, 0.93363804059864375)], [(327, 0.95542848231158373), (488, 0.936926759313923), (84, 0.93269234075085994), (425, 0.92227049362465696), (109, 0.90889143808826622)], [(233, 0.95934699827152181), (430, 0.94427470336938235), (266, 0.94351839476302424), (417, 0.93186809926861691), (251, 0.92957937625222464)], [(442, 0.94682400007285461), (70, 0.93646872561807282), (209, 0.93422980091559771), (423, 0.92805879745599329), (130, 0.92772105283025974)], [(494, 0.95817055308539945), (219, 0.9496210918959721), (437, 0.94953817474046898), (78, 0.94800071714834389), (31, 0.94643034580355612)], [(461, 0.95729703403310373), (355, 0.95722273413430925), (513, 0.95017132181785202), (458, 0.94969408082179574), (497, 0.94787175633177512)], [(94, 0.95323476320126943), (390, 0.94492667425011911), (150, 0.9401270930294805), (65, 0.9388452956816512), (476, 0.93877435096654505)], [(457, 0.9558200121200906), (254, 0.94205015666298564), (394, 0.93406904423845716), (157, 0.92322033423963556), (492, 0.92274048521194652)], [(466, 0.95656905523501257), (290, 0.94537957841916698), (511, 0.9409683380560202), (213, 0.94026199154748691), (61, 0.9384088152597827)]]
[[(509, 0.94795016955602263), (65, 0.94277465590268594), (248, 0.94162162917357872), (3, 0.94141146543042253), (255, 0.93931012328508368)], [(436, 0.96416655352181291), (498, 0.94969394951831854), (139, 0.94714652127433585), (452, 0.94671538800021715), (345, 0.94669147889813055)], [(159, 0.93716664686228501), (331, 0.93647111803308802), (570, 0.9335903789790353), (394, 0.9325031006055895), (530, 0.93247937726350183)], [(536, 0.94549304081438612), (233, 0.94408317721397983), (203, 0.94310580489766183), (553, 0.94062449151218841), (239, 0.93943246462359031)], [(444, 0.9557295376892927), (398, 0.95100287844278397), (177, 0.94437033294160178), (228, 0.9398614374269687), (106, 0.93631715611963229)], [(158, 0.95440392138896979), (458, 0.94082213037506124), (276, 0.9392515900686963), (19, 0.93848677661101909), (339, 0.93655955881750064)], [(179, 0.96381924480684), (567, 0.94546753578866116), (18, 0.93930154871365057), (412, 0.93864441637283136), (253, 0.93524830852662311)], [(561, 0.95655048400404608), (175, 0.94579449964921614), (296, 0.9426600142586179), (298, 0.93499718084824601), (272, 0.93370491826824309)], [(514, 0.95269683761415525), (121, 0.95220016534358431), (308, 0.94958551648944012), (618, 0.94225530725226825), (360, 0.94122549035784953)], [(125, 0.95986281466714507), (11, 0.9489088005602212), (404, 0.94160825603520726), (133, 0.93568268117124387), (349, 0.92859265278850045)]]
[[(618, 0.95771803392236765), (55, 0.95507471535085209), (603, 0.94727274967229191), (14, 0.94686480546206131), (263, 0.94321476007233052)], [(489, 0.94506376037907591), (118, 0.94479547217709015), (355, 0.93270899813043329), (732, 0.92327582160511468), (317, 0.91755348045080631)], [(374, 0.95896441093507878), (330, 0.95267501404227317), (307, 0.95117260370764711), (142, 0.94465352234784661), (112, 0.93743431918999254)], [(766, 0.95202669345987112), (461, 0.94913637592006672), (588, 0.9484932904203911), (667, 0.94405960151038015), (30, 0.94348151362774224)], [(749, 0.95397892788062078), (60, 0.94951530082670155), (559, 0.94868424987912559), (66, 0.94770635134678827), (134, 0.9455903952934398)], [(338, 0.94845315322259194), (652, 0.94668210159965216), (88, 0.94536653541003723), (293, 0.94365544797809786), (651, 0.94293203236185841)], [(15, 0.94199519262730369), (512, 0.93982483756187463), (688, 0.93586378505144396), (636, 0.93370148338198122), (342, 0.93306186837529581)], [(384, 0.94563139457731538), (356, 0.94443639304815696), (227, 0.94050921585936054), (437, 0.93806694549856007), (620, 0.93477288938577696)], [(120, 0.95071142054535474), (659, 0.94680647649503624), (645, 0.94666930074804923), (184, 0.94109892377953008), (63, 0.93869265921588807)], [(172, 0.95804373505586604), (40, 0.94093694879647738), (125, 0.93701206535065762), (763, 0.92908678240905962), (583, 0.92898884357787814)]]
[[(476, 0.95448336491640817), (879, 0.95147590662962434), (816, 0.94826443576276886), (230, 0.948182795062541), (1259, 0.94607774309430415)], [(892, 0.95331051963988134), (1068, 0.95121841575742827), (1471, 0.95051628050349024), (808, 0.94525731854667194), (949, 0.94220665620127098)], [(1219, 0.95368642545915061), (1043, 0.94267305481175878), (553, 0.94076145123090571), (1170, 0.93771358007037209), (894, 0.93729973008596479)], [(578, 0.95733524227658739), (287, 0.94562844326668072), (1369, 0.94159354059086942), (368, 0.93975027284362678), (1245, 0.93945274903344178)], [(1286, 0.95354291842369854), (1324, 0.95326969754320767), (270, 0.95160139430373403), (695, 0.94156868545134154), (1098, 0.9376473185304629)], [(1225, 0.95446279995818184), (1212, 0.94967813398491596), (671, 0.94733213862318966), (1010, 0.93527223756214173), (755, 0.93409776084822038)], [(1248, 0.9478697535183862), (1056, 0.94594487282629458), (736, 0.94004396163543491), (1488, 0.93723965524781272), (1132, 0.93661597447697398)], [(325, 0.97025959574619924), (279, 0.94307451485608118), (1493, 0.9340673679610636), (1161, 0.93365879409866726), (823, 0.9322621285023116)], [(871, 0.95376283810704221), (733, 0.95260295255256344), (834, 0.95083194641210356), (500, 0.94903115109467739), (1240, 0.94669710669527884)], [(908, 0.96322485404155056), (339, 0.94963708852052831), (789, 0.94463116834115857), (1462, 0.93732391115993807), (1244, 0.93709556693307516)]]
[[(1299, 0.95976841405179769), (669, 0.9577861139334285), (608, 0.95264385693238196), (547, 0.94383979386497263), (1162, 0.94332443811125288)], [(1010, 0.94882802720870263), (275, 0.94709928369965446), (277, 0.93648514621226953), (874, 0.93430591301897836), (1620, 0.92910061933521271)], [(217, 0.95184374479757361), (631, 0.94257474046814982), (1290, 0.94055421667020511), (1278, 0.93896446925457067), (302, 0.93329501018282979)], [(1331, 0.95711803324882971), (1684, 0.94095823092829523), (1615, 0.93674913396670878), (1654, 0.93039796615572856), (661, 0.92941738667548801)], [(1034, 0.94788675920446919), (715, 0.94357444864626805), (1194, 0.9420036566919765), (811, 0.94005179909959513), (903, 0.93664963771376786)], [(1266, 0.96784025437127419), (1267, 0.96690687217630711), (1264, 0.95799042879100416), (638, 0.95551285701220678), (1265, 0.95317105846947459)], [(623, 0.94642073443905772), (69, 0.94022555987277456), (779, 0.93107398811762565), (73, 0.93024806345963318), (934, 0.92870054307788874)], [(361, 0.95171858182552505), (1219, 0.9439799013982938), (1302, 0.94316735049704614), (1404, 0.94245119765907781), (1405, 0.94126361101059519)], [(94, 0.95434566575989921), (262, 0.95241628345704443), (636, 0.95147788357795171), (1149, 0.94674254095536148), (1471, 0.94622418312484646)], [(1182, 0.93973879479377409), (848, 0.9369521552288933), (697, 0.93033331171581513), (770, 0.92863152824195472), (670, 0.92401134505181559)]]
[[(544, 0.9610266855009385), (1648, 0.95246801918895541), (491, 0.94605639504939298), (335, 0.94553393863896484), (276, 0.94195909730719529)], [(1406, 0.96026241900735176), (695, 0.94173936880301912), (1281, 0.94024730118107047), (1163, 0.93971817278334013), (442, 0.93879424610566597)], [(480, 0.96028750024797438), (1517, 0.95558786167887066), (1184, 0.94986102643957226), (857, 0.94611029989292672), (1342, 0.94321130122895691)], [(1222, 0.9523191256261897), (1160, 0.94969996715352767), (1347, 0.94761404628686419), (582, 0.93851103920960433), (1578, 0.93727055831673245)], [(1016, 0.94215239119427896), (671, 0.93754920583421797), (1585, 0.93448402650626361), (14, 0.93371296994615116), (637, 0.93320486691482529)], [(941, 0.95944369784753025), (110, 0.94802554506923897), (299, 0.94447876957373833), (665, 0.94253605703593646), (978, 0.94177282567287812)], [(378, 0.95033628942084203), (15, 0.94760812463400057), (290, 0.94552976832238644), (1644, 0.94545840337345577), (16, 0.94348250167786707)], [(476, 0.94796257934691719), (1640, 0.94703445583010082), (304, 0.94357475965080428), (1193, 0.94225692910545522), (913, 0.94132744815422442)], [(1009, 0.95181477805242931), (10, 0.94646655105666622), (951, 0.94512498147014734), (928, 0.93907356129935726), (1461, 0.93267794811242366)], [(1591, 0.9663284928142909), (1504, 0.94980022924188423), (1358, 0.94248646934776215), (947, 0.94090927412425018), (615, 0.94066044191356302)]]
[[(1131, 0.93473808383650636), (2110, 0.9286232357870674), (2109, 0.9235209871044664), (723, 0.92055695512063784), (2146, 0.9191836674079441)], [(1954, 0.94429494979314521), (2024, 0.93935477485282848), (1452, 0.938655001872021), (2070, 0.92335793321264303), (2043, 0.92110084195742548)], [(451, 0.92816784196961444), (804, 0.92547393346505513), (733, 0.90725301242495582), (1538, 0.90557184443132277), (336, 0.90377376364907402)], [(1882, 0.92179766742357749), (499, 0.92155276901067129), (1889, 0.92137363674710182), (2051, 0.92030180836417053), (1233, 0.9025940846132442)], [(2014, 0.93657786423866263), (1798, 0.9226827609198005), (75, 0.92100173659717732), (2077, 0.92060835602567337), (876, 0.91828340167676048)], [(758, 0.94137968434941732), (317, 0.9347024132322741), (2041, 0.9336236016868753), (867, 0.93128152980330092), (338, 0.93018260577993606)], [(2159, 0.93089861360975523), (1574, 0.91858032959259994), (772, 0.91834722108457501), (557, 0.91735083432145625), (1829, 0.91498982460380007)], [(1254, 0.9401177798722663), (313, 0.9397881955586187), (1240, 0.93055577764111719), (741, 0.92761608117606842), (2157, 0.91938807110832721)], [(717, 0.94843188700032743), (2122, 0.94815354995832168), (312, 0.93187669555694708), (1625, 0.92131762599223144), (2121, 0.92011109743265973)], [(216, 0.94525870961874559), (2022, 0.94382546318537219), (1622, 0.94304861700490827), (1847, 0.94276189710173686), (179, 0.94113113675682059)]]
[[(2060, 0.94302785567643044), (901, 0.92184382856589464), (1658, 0.91999806044290489), (1561, 0.91071077167419912), (2138, 0.91015409289548932)], [(1351, 0.94224013590294342), (456, 0.94217989664252266), (2168, 0.93417665035087982), (2091, 0.9265459754938713), (416, 0.91528987936250172)], [(258, 0.93457385488891276), (245, 0.92287519261657935), (2178, 0.91775989652434842), (1670, 0.91160156438039985), (814, 0.90865573188836823)], [(2128, 0.95796956283002122), (2031, 0.95233646024104868), (563, 0.92981294021676519), (2020, 0.92392450616549959), (2165, 0.92130476522772364)], [(449, 0.93460775802679397), (1580, 0.93258449619250594), (2065, 0.93149463621479167), (1636, 0.92972136481988021), (1545, 0.92887445489021891)], [(2037, 0.94387899389549579), (1405, 0.9349558633492111), (2103, 0.93469706231506933), (1483, 0.93423620961352249), (958, 0.93294482855739258)], [(23, 0.95017636270108174), (1510, 0.94929241253834118), (648, 0.94862236798596578), (2030, 0.94516116878724166), (2023, 0.94351150050178434)], [(2100, 0.96662549635706185), (1475, 0.95763679942111668), (2014, 0.9426853748112306), (1431, 0.93057006408091891), (2024, 0.91938049486197315)], [(1628, 0.95021208695030734), (2180, 0.94878274821535458), (2105, 0.94483012355809737), (198, 0.92900510005471271), (1831, 0.92276931578342858)], [(1131, 0.9332480213819736), (2080, 0.92959993531142271), (779, 0.92493961058401408), (2188, 0.92044033700531758), (2203, 0.91967533508736876)]]
[[(432, 0.95286489097470273), (370, 0.95181176518596244), (693, 0.94894137913367094), (103, 0.94453256013465658), (331, 0.9434014819757649)], [(716, 0.96947297521506248), (439, 0.96946536265971039), (342, 0.95560342569382006), (113, 0.95285408789548198), (543, 0.94620754505730365)], [(466, 0.95191356592462306), (216, 0.95076410489527907), (441, 0.94776741370368289), (706, 0.941037360561783), (607, 0.938996456111305)], [(16, 0.95415725974495935), (209, 0.9429872965917574), (765, 0.9365946294881301), (170, 0.93054449951964502), (699, 0.92592166980940005)], [(828, 0.94772619497744337), (112, 0.9337645912023268), (33, 0.93308596837435276), (217, 0.93097753297640362), (618, 0.92879296747999651)], [(47, 0.94984144614991217), (659, 0.94857175598799759), (818, 0.94492897010449628), (718, 0.94200043395619626), (20, 0.94120111436554132)], [(808, 0.95822189695099724), (826, 0.9490585965764089), (120, 0.94675888692701404), (76, 0.94631864867192372), (146, 0.94397295395201153)], [(164, 0.96477656909803122), (503, 0.95603004993580532), (471, 0.94520329100730127), (725, 0.9438974035248695), (589, 0.94308925361784912)], [(385, 0.94549194525293656), (401, 0.94176157160842866), (487, 0.9417469112731115), (763, 0.94160117239761809), (511, 0.93940841720320134)], [(199, 0.95472609813293308), (397, 0.94822573495506701), (168, 0.94361753782206581), (299, 0.93993437430969629), (561, 0.93656664042208237)]]