topic1:[6949, 7000, 7005, 7006, 7032, 7033, 7044, 7048, 7051, 7063, 7068, 7071, 7074, 7093, 7103, 7109, 7124, 7139, 7152, 7155, 7163, 7188, 7195, 7203, 7204, 7224, 7240, 7261, 7274, 7279, 7287, 7292, 7297, 7318, 7324, 7326, 7339, 7346, 7347, 7348, 7353, 7354, 7355, 7381, 7383, 7386, 7399, 7412, 7413, 7417, 7425, 7444, 7462, 7475, 7480, 7482, 7483, 7484, 7489, 7495, 7497, 7502, 7503, 7509, 7536, 7550, 7551, 7560, 7573, 7580, 7582, 7594, 7621, 7626, 7638, 7643, 7659, 7662, 7664, 7671, 7675, 7681, 7685, 7702, 7713]
topic2:[6943, 6951, 6964, 6965, 6972, 6974, 6978, 6979, 6989, 6991, 7004, 7047, 7049, 7073, 7081, 7083, 7084, 7100, 7105, 7108, 7117, 7123, 7125, 7126, 7128, 7135, 7143, 7151, 7154, 7157, 7161, 7164, 7167, 7168, 7171, 7176, 7191, 7201, 7221, 7227, 7229, 7231, 7243, 7251, 7256, 7264, 7282, 7293, 7295, 7299, 7307, 7328, 7335, 7342, 7343, 7345, 7356, 7364, 7405, 7415, 7427, 7430, 7439, 7449, 7471, 7472, 7476, 7485, 7531, 7532, 7538, 7540, 7553, 7559, 7575, 7585, 7588, 7589, 7596, 7597, 7598, 7600, 7616, 7636, 7657, 7667, 7672, 7673, 7703, 7704, 7718]
topic3:[6940, 6948, 6973, 7001, 7012, 7031, 7058, 7075, 7078, 7082, 7089, 7106, 7107, 7113, 7114, 7116, 7130, 7133, 7141, 7147, 7156, 7162, 7178, 7180, 7190, 7197, 7207, 7222, 7233, 7241, 7245, 7258, 7259, 7276, 7285, 7288, 7298, 7304, 7312, 7329, 7369, 7372, 7374, 7384, 7400, 7402, 7404, 7419, 7445, 7459, 7493, 7516, 7545, 7549, 7562, 7574, 7578, 7581, 7583, 7604, 7614, 7629, 7634, 7642, 7700, 7711]
topic4:[6945, 6952, 6968, 6981, 6982, 6992, 7007, 7043, 7064, 7076, 7090, 7098, 7110, 7115, 7127, 7131, 7132, 7137, 7146, 7169, 7198, 7209, 7234, 7250, 7252, 7280, 7290, 7317, 7323, 7357, 7373, 7376, 7380, 7394, 7409, 7448, 7453, 7460, 7477, 7478, 7490, 7508, 7537, 7543, 7546, 7558, 7601, 7603, 7609, 7628, 7630, 7637, 7640, 7665, 7701, 7715]
topic5:[6942, 6950, 6966, 6969, 6985, 6986, 6988, 6993, 6997, 7013, 7015, 7017, 7029, 7030, 7037, 7039, 7042, 7053, 7056, 7057, 7085, 7086, 7104, 7136, 7150, 7153, 7172, 7175, 7177, 7184, 7192, 7193, 7199, 7210, 7211, 7216, 7220, 7236, 7242, 7268, 7273, 7275, 7283, 7294, 7311, 7322, 7337, 7351, 7359, 7363, 7366, 7368, 7377, 7387, 7388, 7395, 7401, 7420, 7421, 7431, 7442, 7452, 7463, 7470, 7481, 7486, 7492, 7498, 7506, 7513, 7515, 7518, 7519, 7523, 7524, 7530, 7541, 7568, 7570, 7576, 7584, 7592, 7610, 7624, 7625, 7627, 7635, 7645, 7647, 7651, 7653, 7654, 7656, 7663, 7690, 7695, 7696, 7714]
topic6:[6958, 6967, 6976, 7008, 7018, 7026, 7028, 7045, 7050, 7054, 7062, 7066, 7070, 7091, 7092, 7111, 7121, 7129, 7140, 7149, 7173, 7174, 7179, 7181, 7182, 7212, 7213, 7214, 7223, 7235, 7248, 7254, 7255, 7271, 7286, 7301, 7306, 7313, 7320, 7321, 7332, 7341, 7349, 7358, 7361, 7365, 7370, 7385, 7389, 7390, 7391, 7396, 7423, 7438, 7441, 7451, 7454, 7473, 7474, 7479, 7539, 7564, 7599, 7607, 7611, 7631, 7639, 7649, 7680, 7682, 7688, 7708]
topic7:[6944, 6947, 6954, 6959, 6960, 6987, 6998, 6999, 7016, 7019, 7024, 7034, 7038, 7046, 7069, 7077, 7097, 7099, 7102, 7118, 7148, 7158, 7186, 7196, 7232, 7239, 7266, 7267, 7270, 7281, 7296, 7302, 7315, 7325, 7362, 7378, 7410, 7416, 7422, 7428, 7446, 7461, 7465, 7466, 7496, 7525, 7561, 7563, 7571, 7586, 7615, 7618, 7619, 7622, 7632, 7644, 7650, 7655, 7661, 7670, 7698, 7705]
topic8:[6946, 6955, 6963, 6970, 6971, 6975, 6977, 6983, 6984, 6990, 6996, 7003, 7009, 7010, 7011, 7040, 7052, 7072, 7080, 7087, 7122, 7134, 7138, 7142, 7145, 7187, 7219, 7230, 7238, 7253, 7262, 7263, 7272, 7308, 7309, 7314, 7333, 7360, 7393, 7406, 7408, 7414, 7424, 7426, 7432, 7436, 7437, 7450, 7456, 7457, 7458, 7487, 7507, 7511, 7517, 7520, 7522, 7535, 7542, 7552, 7555, 7556, 7565, 7579, 7587, 7591, 7593, 7595, 7606, 7608, 7612, 7641, 7646, 7658, 7660, 7668, 7677, 7679, 7691, 7692, 7697, 7699, 7717, 7719]
topic9:[6953, 6961, 6962, 6980, 7002, 7021, 7023, 7025, 7027, 7035, 7055, 7060, 7061, 7065, 7067, 7079, 7088, 7094, 7096, 7101, 7112, 7120, 7144, 7159, 7165, 7183, 7185, 7194, 7202, 7205, 7208, 7218, 7225, 7228, 7249, 7260, 7265, 7269, 7277, 7278, 7284, 7289, 7310, 7319, 7330, 7331, 7334, 7340, 7344, 7367, 7375, 7382, 7392, 7397, 7398, 7403, 7411, 7418, 7429, 7433, 7434, 7440, 7443, 7447, 7464, 7468, 7469, 7488, 7499, 7500, 7504, 7505, 7510, 7514, 7527, 7529, 7533, 7534, 7548, 7557, 7569, 7590, 7605, 7613, 7617, 7633, 7648, 7652, 7669, 7676, 7678, 7693, 7694, 7707, 7709, 7712]
topic10:[6941, 6956, 6957, 6994, 6995, 7014, 7020, 7022, 7036, 7041, 7059, 7095, 7119, 7160, 7166, 7170, 7189, 7200, 7206, 7215, 7217, 7226, 7237, 7244, 7246, 7247, 7257, 7291, 7300, 7303, 7305, 7316, 7327, 7336, 7338, 7350, 7352, 7371, 7379, 7407, 7435, 7455, 7467, 7491, 7494, 7501, 7512, 7521, 7526, 7528, 7544, 7547, 7554, 7566, 7567, 7572, 7577, 7602, 7620, 7623, 7666, 7674, 7683, 7684, 7686, 7687, 7689, 7706, 7710, 7716, 7720]
